3705209173580769	-380.1362897895406	908.1223642267794
3705215595277365	-697.1091774517065	840.1386353220754
3705223249941931	-765.690460282933	809.9656234299948
3705238059510124	-698.1031090869416	839.7013452946538
3705247291713076	-587.4217518871764	866.83967521657
3705298831390218	-581.4597777681604	869.5623120992902
3705331203056490	-578.8989230555063	913.4710845018761
3705336701310161	737.0215156705821	837.7223451629262
3705339524712692	-728.9149897792317	826.1453544445889
3705340337767112	-650.7390612858192	973.3211645839335
3705342926075936	-765.690460282933	809.9656234299948
